483321
490962
489428
470035
489296
491406
479051
476933
479225
479325
479831
481400
473337
496479
473135
478624
489022
478310
475049
480682
476592
481698
489572
474550
480595
483750
483022
485055
474338
472886
491765
488239
475159
492105
476451
482290
488905
477859
476772
489691
478480
470818
480509
483234
476655
490064
476290
487143
484004
483365
483701
483273
489387
482426
483334
470019
481784
477559
477809
482393
481803
490750
483712
498386
491616
480086
484151
478118
462700
486839
483259
479659
489348
480848
483785
494264
488890
483196
484291
483433
471693
475611
487306
479913
484406
477560
488063
478954
487393
476579
492929
488978
470744
483379
493020
481669
480067
480818
479374
492290
Total Score: 48238272
